initial_pose_x: 1.198060
initial_pose_y: -1.168933
initial_pose_a: 0.747423

